table
0.13401792527292855
0.18230834717542166
0.2761289119589492
0.5754516830393186
0.5777699127793312
0.6474939243926201
0.656596056709077
0.6806771679930534
0.837233396301599
0.9559281875117449
---
car
0.01286374011397129
0.15395304415142164
0.32018323335796595
0.5366302223410457
0.6994012627401389
0.7891301252893754
0.8074999114014645
0.8909971084376593
0.9171121489875986
0.931119671833585
---
airplane
0.0013724605087190866
0.009473777376115322
0.25197580456733704
0.2881404161453247
0.736217200756073
0.8272481560707092
0.8618245720863342
0.8650723099708557
0.9035152792930603
0.9485361576080322
---
church
0.14561577141284943
0.222344771027565
0.26556506752967834
0.27932724356651306
0.28678062558174133
0.3505307734012604
0.36066392064094543
0.5026422739028931
0.7749111652374268
0.7781860828399658
---
fruit
0.5454160558351759
0.64457255908669
0.6830223279503116
0.7661018144358422
0.8470355606878002
0.854246443565517
0.8773013590489427
0.8848726575761248
0.9695093654268021
0.9947499219843294
---
house
0.001078007036994677
0.0028046212974004447
0.003925996366888285
0.021353537449613214
0.024696169537492096
0.16781606525182724
0.4146565645933151
0.44140616059303284
0.6778304800391197
0.8100623320788145
---
dog
0.9357589140709024
0.9746358590914497
0.9817212454396724
0.989135744556279
0.9901213133386904
0.9931376421725417
0.9948894987179173
0.9958511578134477
0.9995647457755377
0.9998844168195022
---
teapot
0.03278672695159912
0.0933249369263649
0.2048611342906952
0.4701845645904541
0.7794296741485596
0.7796210646629333
0.819796085357666
0.8759983777999878
0.9273912310600281
0.9667100310325623
---
castle
0.3090617060661316
0.35424667596817017
0.4899870753288269
0.5653601884841919
0.6035009622573853
0.9343141913414001
0.9736223220825195
0.9806180596351624
0.9821458458900452
0.9965295195579529
---
volcano
0.0008287497912533581
0.03167112171649933
0.07611294090747833
0.2046384960412979
0.40582865476608276
0.8587486743927002
0.8595656752586365
0.9838294386863708
0.9997617602348328
5.095565575174987e-05
---
coffee mug
0.007213088218122721
0.01660313457250595
0.0831979364156723
0.11036471277475357
0.262838214635849
0.3432343602180481
0.4311800003051758
0.5799468159675598
0.6587881445884705
0.9832097291946411
---